139585407
139585417
139585423
139585431
139585435
139585440
139585447
139585453
139585460
139585478
139585487
139585488
139585494
139585498
139585507
139585511
139585513
139585525
139585538
139585549
139585551
139585562
139585563
139585574
139585579
139585582
139585586
139585598
139585609
139585616
139585622
139585643
139585649
139585658
139585659
139585662
139585675
139585679
139585681
139585683
139585700
139585712
139585713
139585719
139585723
139585725
139585730
139585741
139585750
139585752
139585773
139585775
139585779
139585780
139585783
139585799
139585801
139585802
139585803
139585810
139585812
139585816
139585818
139585820
139585829
139585840
139585863
139585864
139585893
139585897
139585900
139585904
139585908
139585913
139585923
139585929
139585931
139585940
139585948
139585987
139585990
139585994
139585996
139585997
139585998
139586000
139586011
139586018
139586019
139586020
139586022
139586026
139586034
139586037
139586051
139586053
139586062
139586064
139586065
139586079
139586090
139586095
139586098
139586117
139586126
139586127
139586132
139586134
139586138
139586145
139586154
139586167
139586174
139586178
139586187
139586195
139586200
139586223
139586227
139586228
139586229
139586252
139586259
139586269
139586270
139586272
139586290
139586295
139586305
139586309
139586311
139586319
139586322
139586324
139586325
139586326
139586332
139586336
139586350
139586352
139586358
139586359
139586371
139586375
139586383
139586395
139586407
139586422
139586432
139586437
139586439
139586442
139586446
139586450
139586454
139586455
139586456
139586461
139586462
139586482
139586483
139586499
139586515
139586530
139586534
139586538
139586542
139586545
139586547
139586551
139586557
139586561
139586568
139586572
139586574
139586577
139586581
139586584
139586592
139586598
139586619
139586621
139586624
139586634
139586643
139586651
139586654
139586658
139586662
139586663
139586666
139586668
139586669
139586677
139586687
139586691
139586693
139586701
139586703
139586708
139586726
139586733
139586736
139586738
139586740
139586745
139586748
139586751
139586760
139586775
139586789
139586795
139586805
139586808
139586810
139586819
139586826
139586848
139586850
139586854
139586858
139586859
139586860
139586862
139586874
139586885
139586892
139586899
139586906
139586910
139586930
139586933
139586938
139586950
139586960
139586961
139586978
139586987
139586990
139586994
139587001
139587006
139587014
139587022
139587031
139587042
139587055
139587067
139587071
139587073
139587081
139587082
139587093
139587104
139587105
139587111
139587112
139587117
139587118
139587121
139587139
139587153
139587160
139587165
139587204
139587205
139587207
139587246
139587250
139587252
139587279
139587282
139587290
139587291
139587293
139587297
139587318
139587319
139587328
139587338
139587341
139587342
139587346
139587349
139587351
139587358
139587362
139587371
139587377
139587393
139587395
139587398
139587408
139587417
139587427
139587438
139587453
139587454
139587458
139587464
139587474
139587476
139587486
139587499
139587505
139587533
139587537
139587540
139587542
139587551
139587558
139587560
139587569
139587577
139587581
139587583
139587595
139587597
139587601
139587610
139587620
139587626
139587651
139587658
139587664
139587672
139587693
139587699
139587705
139587709
139587719
139587720
139587722
139587724
139587729
139587732
139587774
139587775
139587794
139587810
139587831
139587832
139587838
139587853
139587856
139587865
139587886
139587888
139587889
139587894
139587900
139587913
139587914
139587919
139587930
139587937
139587941
139587949
139587957
139587962
139587975
139587982
139587985
139587990
139587997
139587999
139588009
139588018
139588021
139588022
139588026
139588036
139588043
139588044
139588047
139588049
139588058
139588077
139588081
139588084
139588089
139588090
139588103
139588104
139588105
139588110
139588115
139588133
139588134
139588138
139588139
139588141
139588175
139588183
139588196
139588202
139588212
139588214
139588215
139588224
139588227
139588241
139588242
139588246
139588247
139588250
139588262
139588275
139588277
139588282
139588292
139588298
139588303
139588311
139588313
139588317
139588324
139588328
139588337
139588346
139588348
139588350
139588351
139588357
139588360
139588369
139588397
139588399
139588401
139588404
139588409
139588415
139588416
139588430
139588432
139588435
139588439
139588441
139588446
139588450
139588458
139588460
139588475
139588484
139588490
139588491
139588492
139588506
139588510
139588518
139588522
139588530
139588534
139588553
139588555
139588556
139588558
139588559
139588561
139588578
139588593
139588595
139588600
139588614
139588616
139588622
139588623
139588634
139588638
139588642
139588643
139588648
139588650
139588651
139588653
139588654
139588655
139588657
139588702
139588703
139588714
139588715
139588716
139588720
139588721
139588726
139588727
139588751
139588815
139588816
139588817
139588836
139588849
139588921
139588934
139588937
139588938
139588998
139589003
139589004
139589042
139589056
139589079
139589101
139589175
139589247
139589307
139589309
139589434
139589435
139589437
139589438
139589453
139589458
139589459
139589461
139589462
139589463
139589464
139589474
139589491
139589523
139589524
139589528
139589529
139589530
139589536
139589537
139589538
139589546
139589547
139589548
139589551
139589556
139589557
139589574
139589578
139589591
139589600
139589601
139589611
139589615
139589624
139589641
139589646
139589647
139589651
139589652
139589653
139589654
139589655
139589657
139589726
139589727
139589728
139589729
139589730
139589745
139589746
139589747
139589748
139589749
139589762
139589772
139589773
139589800
139589801
139589802
139589803
139589840
139589841
139589842
139589843
139589844
139589846
139589847
139589848
139589849
139589850
139589851
139589908
139589909
139589910
139589912
139589914
139589915
139589916
139589966
139589968
139589969
139589970
139589971
139589986
139589987
139589992
139589993
139589994
139589995
139589996
139589997
139589998
139589999
139590000
139590001
139590002
139590003
139590004
139590005
139590015
139590030
139590031
139590032
139590033
139590034
139590035
139590038
139590039
139590040
139590041
139590042
139590043
139590044
139590045
139590046
139590047
139590048
139590049
139590050
139590077
139590078
139590079
139590080
139590081
139590082
139590083
139590084
139590085
139590086
139590087
139590088
139590089
139590090
139590091
139590092
139590093
139590126
139590127
139590128
139590129
139590130
139590131
139590134
139590135
139590151
139590195
139590196
139590208
139590209
139590212
139590213
139590217
139590227
139590228
139590230
139590231
139590232
139590233
139590234
139590235
139590240
139590241
139590242
139590243
139590244
139590245
139590252
139590253
139590254
139590255
139590265
139590287
139590292
139590294
139590295
139590296
139590297
139590306
139590307
139590308
139590310
139590311
139590330
139590331
139590332
139590333
139590334
139590382
139590383
139590384
139590385
139590386
139590391
139590393
139590396
139590397
139590398
139590399
139590400
139590404
139590405
139590406
139590407
139590414
139590415
139590416
139590417
139590423
139590424
139590433
139590434
139590435
139590436
139590437
139590438
139590439
139590440
139590441
139590442
139590443
139590444
139590446
139590449
139590450
139590452
139590453
139590454
139590477
139590478
139590479
139590488
139590490
139590491
139590492
139590493
139590501
139590505
139590506
139590509
139590510
139590517
139590518
139590522
139590532
139590533
139590534
139590536
139590537
139590542
139590543
139590555
139590556
139590605
139590606
139590609
139590610
139590611
139590612
139590613
139590614
139590615
139590617
139590618
139590619
139590620
139590643
139590644
139590645
139590646
139590647
139590661
139590662
139590663
139590664
139590687
139590692
139590693
139590694
139590695
139590696
139590697
139590698
139590699
139590700
139590702
139590705
139590749
139590750
139590751
139590752
139590757
139590758
139590759
139590766
139590767
139590768
139590769
139590770
139590771
139590772
139590773
139590775
139590781
139590801
139590805
139590806
139590807
139590814
139590822
139590823
139590846
139590847
139590848
139590852
139590853
139590854
139590855
139590856
139590860
139590878
139590880
139590881
139590890
139590893
139590894
139590895
139590905
139590906
139590908
139590909
139590910
139590911
139590912
139590913
139590914
139590915
139590923
139590924
139590925
139590926
139590928
139590929
139590985
139590987
139590990
139591004
139591005
139591006
139591007
139591008
139591013
139591031
139591032
139591033
139591034
139591036
139591037
139591038
139591066
139591067
139591094
139591096
139591117
139591118
139591154
139591174
139591175
139591189
139591190
139591191
139591199
139591206
139591212
139591213
139591232
139591244
139591245
139591255
139591257
139591259
139591262
139591263
139591271
139591286
139591287
139591291
139591292
139591295
139591296
139591297
139591298
139591303
139591305
139591309
139591312
139591313
139591314
139591315
139591316
139591322
139591323
139591324
139591325
139591326
139591327
139591328
139591329
139591330
139591333
139591334
139591336
139591347
139591348
139591349
139591350
139591356
139591359
139591368
139591371
139591372
139591373
139591376
139591377
139591380
139591381
139591382
139591383
139591384
139591385
139591386
139591387
139591388
139591403
139591404
139591406
139591407
139591412
139591456
139591457
139591458
139591459
139591460
139591461
139591462
139591463
139591530
139591534
139591535
139591557
139591558
139591578
139591580
139591581
139591587
139591590
139591596
139591600
139591604
139591605
139591606
139591607
139591608
139591611
139591621
139591628
139591631
139591634
139591636
139591637
139591638
139591639
139591640
139591645
139591646
139591648
139591651
139591655
139591661
139591662
139591663
139591664
139591667
139591669
139591670
139591675
139591677
139591678
139591680
139591682
139591685
139591686
139591695
139591696
139591697
139591698
139591699
139591704
139591705
139591706
139593828
139683770
141521375
141521377
141749790
145720538
145720606
145720622
145720683
145720693
145720702
145720704
145720711
145720733
145720734
145720735
145720738
145720740
145720741
145720771
145720772
145720773
145720774
145720785
145720786
145720787
145720806
145720807
145720811
145720823
145720830
145720831
145720836
145720837
145720847
145720850
145720853
145720854
145720894
145720895
145720896
145720897
145720899
145720900
145720901
145720922
145720927
145720928
145720930
145720939
145720943
145720945
145720948
145720949
145720950
145720951
145720953
145720954
145720955
145721057
145721058
145721059
145721062
145721063
145721064
145721065
145721066
145721093
145721094
145721095
145721098
145721180
145721181
145721204
145721206
145721207
145721209
145721210
145721211
145721213
145721214
145721226
145721254
145721255
145721256
145721257
145721258
145721259
145721310
145964226
145964658
145988278
145991695
145994625
146020924
146672232
146682097
146682098
146682099
146682102
146682110
146682132
146682133
146682134
146682136
146682137
146682138
146682139
146682141
146682146
146682188
146682189
146682190
146682227
146682228
146682238
146682243
146682261
146682277
146682292
146682326
146682337
146682340
146682342
146682343
146682344
146682345
146682346
146682364
146682365
146682366
146682367
146682395
146682398
146682407
146682408
146682409
146682410
146682411
146682412
146682413
146682414
146682415
146682416
146682457
146682460
146682470
146682490
146682491
146682492
146682498
146682500
146682501
146682505
146682506
146682509
146682510
146682513
146682514
146682518
146682519
146682522
146682525
146682530
146682531
146682533
146682534
146682535
146682536
146682539
146682546
146682547
146682551
146682559
146682563
146682564
146682572
146682573
146682574
146682576
146682579
146682585
146682586
146682587
146682590
146682591
146682592
146682596
146682606
146682625
146682626
146682627
146682628
146682629
146682630
146682631
146682632
146682633
146682634
146682639
146682640
146682641
146682655
146682656
146682657
146682675
146682678
146682679
146682680
146682683
146682684
146682695
146682696
146682697
146682698
146682700
146682704
146682706
146682707
146682718
146682719
146682720
146682724
146682778
146682779
146682780
146682790
146682793
146682794
146682807
146682808
146682815
146682831
146682834
146682835
146682836
146682837
146682838
146682839
146682883
146682885
146682886
146682888
146682889
146682891
146682905
146682906
146682907
146682908
146682909
146682921
146682925
146682926
146682933
146682936
146682937
146682938
146682939
146682940
146682941
146682953
146682954
146682955
146682956
146682957
146682958
146682960
146682961
146682962
146682968
146682969
146682970
146682971
146682972
146682973
146682986
146682987
146682988
146682989
146682994
146682995
146682997
146682998
146682999
146683000
146683001
146683002
146683005
146683006
146683007
146683008
146683009
146683013
146683014
146683015
146683018
146683024
146683026
146683027
146683028
146683032
146683034
146683052
146683053
146683055
146683056
146683065
146683066
146683067
146683073
146683074
146683075
146683076
146683078
146683095
146683096
146683097
146683104
146683105
146683107
146683108
146683109
146683116
146683117
146683118
146683119
146683120
146683122
146683123
146683125
146683129
146683175
146683184
146683190
146683191
146683223
146683224
146683258
146683259
146683260
146683261
146683262
146683263
146683289
146683290
146683295
146683296
146683326
146683329
146683330
146683341
146683349
146683366
146683368
146683370
146683372
146683387
146683388
146683389
146683390
146683391
146683392
146683393
146683395
146683396
146683397
146683398
146683399
146683400
146683401
146683407
146683408
146683409
146683410
146683416
146683417
146683418
146683419
146683426
146683431
146683444
146683447
146683453
146683456
146683462
146683464
146683467
146683468
146683476
146683477
146683478
146683480
146683481
146683482
146683483
146683509
146683511
146683512
146683516
146683518
146683519
146683520
146683523
146683525
146683532
146683533
146683537
146683539
146683542
146683543
146683544
146683554
146683574
146683587
146683588
146683611
146683623
146683654
146683901
146683902
146683903
146683904
146683910
146683934
146683935
146683936
146683937
146683951
146683952
146683959
146683961
146683962
146683967
146683968
146683970
146683972
146683973
146683977
146683984
146683985
146683989
146683990
146683991
146683992
146683993
146683994
146683995
146683996
146683997
146683998
146683999
146684000
146684006
146684007
146684008
146684030
146684031
146684032
146684033
146684048
146684062
146684073
146684074
146684089
146684090
146684091
146684098
146684106
146684107
146684110
146684128
146684130
146684131
146684138
146684140
146684156
146684157
146684158
146684159
146684176
146684177
146684189
146684193
146684210
146684211
146684212
146684213
146684230
146684231
146684232
146684235
146684236
146684237
146684238
146684241
146684257
146684258
146684259
146684260
146684261
146684262
146684263
146684264
146684272
146684273
146684288
146684300
146684302
146684316
146684319
146684320
146684332
146684338
146684341
146684343
146684344
146684345
146684346
146684361
146684362
146684364
146684365
146684366
146684367
146684370
146684371
146684372
146684373
146684379
146684382
146684383
146684385
146684386
146684387
146684398
146684408
146684409
146684410
146684411
146684412
146684413
146684418
146684420
146684426
146684427
146684429
146684430
146684431
146684432
146684436
146684437
146684438
146684442
146684443
146684445
146684446
146684449
146684450
146684451
146684454
146684459
146684464
146684465
146684468
146684481
146684482
146684483
146684492
146684494
146684509
146684510
146684511
146684602
146684603
146684612
146684613
146684614
146684630
146684645
146684646
146684647
146684659
146684674
146684675
146684678
146684683
146684692
146684707
146684746
146684856
146684857
146684917
